7
5
6
3
12
11
4
3
9
9
5
13
11
0
4
7
1
20
13
11
4
6
11
4
13
13
5
3
6
5
11
12
5
5
12
5
10
7
14
7
9
11
2
6
0
11
18
15
15
10
5
12
4
7
0
6
1
15
10
28
5
19
5
2
9
3
29
24
13
13
14
8
30
5
7
7
14
45
22
10
28
7
8
2
12
6
20
38
22
3
1
29
7
15
9
4
10
8
13
2
4
3
14
4
6
3
14
9
5
26
8
4
14
2
8
26
8
3
11
17
6
13
17
8
5
5
4
6
22
2
3
17
5
1
12
8
5
6
10
11
4
1
19
17
16
9
18
1
5
5
7
25
10
11
1
13
7
2
40
8
1
19
9
2
2
7
5
11
4
18
4
13
6
12
8
7
14
5
7
1
3
6
6
12
16
4
2
3
20
4
9
3
4
11
4
8
3
4
5
9
13
7
7
13
2
13
6
9
15
16
11
3
14
21
12
23
24
4
1
13
1
5
1
9
15
17
16
25
24
1
5
36
2
15
5
13
22
16
22
0
9
4
6
6
19
5
6
14
3
21
9
12
2
12
16
3
9
10
9
2
1
7
2
16
4
5
20
13
23
0
15
3
40
10
5
12
4
19
14
12
3
4
16
14
4
10
5
21
8
5
2
1
11
15
3
2
10
5
1
7
6
3
7
5
2
6
1
36
12
10
3
17
2
6
18
14
6
6
29
2
0
4
19
11
21
9
14
2
10
14
4
8
4
4
11
16
5
16
6
22
7
6
9
1
11
2
2
31
2
7
8
6
25
5
1
7
25
9
1
10
12
11
3
8
26
5
10
7
18
2
5
38
5
2
4
6
11
10
11
4
10
0
5
6
1
3
11
10
9
3
29
14
5
5
2
6
39
5
11
8
13
17
3
7
3
4
8
2
6
8
21
12
4
6
24
2
3
3
18
5
6
4
5
10
4
4
6
1
9
5
4
20
7
11
6
9
11
17
18
15
7
2
6
3
7
1
7
8
7
18
0
14
12
16
8
14
2
5
4
5
3
7
6
11
17
5
8
0
2
8
10
21
3
4
2
0
16
6
26
1
23
13
11
14
1
9
4
8
6
5
20
2
3
5
6
21
8
11
9
15
15
1
0
26
15
8
8
1
14
3
13
20
5
16
17
9
6
5
6
6
23
6
4
0
18
7
5
10
15
3
10
13
6
10
1
0
0
7
20
12
11
19
0
7
11
3
15
2
11
21
8
9
6
32
13
10
2
3
9
3
26
6
4
6
17
1
11
11
6
7
6
19
13
2
12
21
10
4
8
40
6
11
1
0
12
1
12
1
10
14
5
18
3
3
6
8
1
9
18
30
2
8
20
3
4
0
31
16
16
7
11
13
9
10
1
11
2
9
4
10
0
2
10
22
6
10
17
22
18
15
35
5
15
5
8
10
9
11
20
2
2
1
8
12
16
12
6
2
27
8
10
31
12
3
8
10
2
27
11
12
7
6
6
6
4
11
11
2
34
13
9
0
8
13
16
3
18
6
8
9
11
21
9
4
4
11
14
12
2
13
23
10
8
20
4
13
2
0
3
2
16
15
19
11
7
6
10
18
16
19
4
12
13
12
1
11
8
3
0
22
7
14
17
11
11
15
5
12
22
2
8
13
6
10
6
7
7
16
4
15
4
12
13
7
6
7
43
8
13
17
29
3
17
13
17
29
1
3
11
13
15
12
24
15
6
7
12
6
8
4
15
10
16
14
5
12
1
6
0
6
17
6
14
31
5
8
4
7
5
4
3
3
3
12
8
2
4
9
10
1
10
11
12
11
14
