46
13
49
7
34
26
11
13
2
16
9
22
23
4
8
13
3
29
27
9
8
10
6
2
14
7
12
12
39
40
15
6
5
6
13
5
10
5
6
39
9
13
3
23
7
2
10
2
27
14
15
1
14
11
13
17
18
5
5
19
7
6
19
12
10
35
15
17
16
14
2
10
17
3
3
12
5
18
32
17
11
4
44
4
20
13
10
25
21
9
14
6
23
13
2
18
11
6
42
26
7
10
8
27
3
1
9
3
15
14
4
17
9
22
7
11
45
11
10
20
10
3
11
8
7
5
15
8
9
4
8
3
14
10
9
16
34
30
22
3
4
18
36
8
6
5
5
11
6
8
2
16
18
28
6
36
11
2
22
11
11
10
18
5
11
24
8
15
12
25
15
25
10
9
13
9
17
21
20
9
41
8
12
8
7
25
8
26
19
14
18
9
16
32
9
10
2
8
5
20
10
7
17
6
17
21
13
14
12
10
18
12
9
24
5
8
12
9
5
11
10
3
13
24
5
20
17
10
13
3
4
3
11
5
14
7
7
13
24
15
19
35
10
13
15
8
2
11
9
4
9
4
19
17
24
1
7
14
25
3
14
6
1
2
16
6
10
33
17
18
10
12
15
11
11
8
12
14
13
6
8
30
11
12
23
5
61
16
14
28
6
7
2
9
2
5
3
15
8
17
16
23
15
24
14
8
10
9
8
25
26
9
22
21
2
5
8
1
4
26
14
4
8
16
8
3
7
8
16
3
7
27
14
13
12
7
0
27
12
2
7
7
6
11
5
22
4
10
6
26
20
16
29
29
4
9
9
13
31
3
31
15
37
7
19
13
3
5
13
14
5
4
12
0
5
6
6
1
18
29
5
5
7
22
16
10
11
17
11
8
1
8
1
7
24
3
2
10
27
10
10
12
14
16
4
18
16
12
11
4
10
17
1
11
9
5
41
10
13
8
2
8
2
1
32
3
7
4
32
6
19
12
12
22
6
14
3
8
20
13
9
5
5
21
11
8
16
22
33
11
20
29
4
14
2
5
5
3
3
35
24
3
5
16
5
13
10
13
9
8
6
18
5
8
21
8
36
14
3
6
13
12
37
3
29
25
5
12
4
7
22
6
11
24
11
5
22
35
3
14
13
18
7
11
4
21
37
10
15
17
8
16
7
6
6
16
5
19
30
6
21
4
2
13
6
13
19
12
18
15
4
2
12
22
12
5
19
18
7
6
18
5
4
19
25
34
12
17
11
11
14
5
8
5
5
32
8
4
7
13
13
29
12
5
10
5
10
38
7
28
7
52
5
13
28
6
37
10
42
6
16
16
4
14
18
8
4
12
3
7
5
22
23
8
3
8
8
15
3
7
64
9
8
16
33
10
3
3
5
14
10
7
13
7
5
8
29
8
7
9
3
28
24
41
7
14
26
10
10
12
15
7
2
3
16
4
8
12
2
7
13
2
28
0
1
7
10
40
6
14
11
3
26
20
16
13
27
11
4
2
10
1
15
20
23
22
3
9
9
13
14
6
3
23
8
15
16
17
9
22
8
5
13
18
8
24
6
6
4
31
5
2
25
8
7
4
22
3
9
21
14
4
5
19
19
9
16
7
10
4
10
32
19
8
13
6
11
19
16
14
8
3
3
41
4
30
15
16
13
7
17
11
6
11
17
11
9
18
4
1
8
1
6
13
9
9
10
1
24
9
16
30
5
18
18
9
9
23
5
9
12
11
25
8
16
28
6
7
11
9
6
3
8
23
5
4
11
26
10
6
11
23
7
23
11
19
12
4
6
30
2
6
44
16
13
5
12
5
7
10
12
17
8
9
8
4
10
33
26
7
4
27
7
6
22
12
6
16
16
13
30
18
4
11
23
11
23
4
11
4
18
10
5
6
1
24
4
17
25
11
25
8
6
20
11
5
14
12
24
7
13
1
18
12
5
14
20
7
9
3
12
16
7
4
17
22
18
15
18
9
10
8
9
21
9
5
7
11
7
7
7
7
29
10
9
6
16
3
5
10
4
7
8
4
19
19
16
11
10
8
5
9
7
3
4
8
7
11
12
10
3
2
2
8
2
1
8
33
24
23
30
6
5
4
30
3
14
20
15
17
8
2
9
31
17
17
4
6
25
9
29
8
1
39
5
9
7
2
17
16
8
4
5
11
3
9
2
5
23
6
1
14
2
10
32
27
9
4
17
2
15
9
3
6
6
13
7
3
6
6
5
1
18
11
13
21
5
11
10
16
3
2
14
26
7
15
2
4
17
5